$SPEC_ID:
No sample description was entered.
$SPEC_REM:
DET# 1
DETDESC# MCB 129
AP# Maestro Version 6.08
$DATE_MEA:
02/09/2024 14:34:23
$MEAS_TIM:
684260 684261
$DATA:
0 1023
       0
       0
       0
       0
       0
      41
      45
      54
      45
      53
      46
      44
      48
      34
      42
      45
      49
      49
      56
      38
      48
      49
      39
      44
      36
      42
      45
      44
      37
      32
      39
      51
      43
      40
      37
      39
      24
      26
      26
      44
      26
      33
      39
      40
      34
      36
      37
      40
      33
      37
      28
      28
      27
      32
      28
      24
      24
      35
      35
      41
      41
      31
      30
      23
      31
      29
      27
      21
      18
      29
      33
      29
      26
      28
      35
      25
      18
      27
      22
      26
      21
      22
      19
      28
      28
      20
      24
      22
      21
      22
      21
      19
      21
      21
      18
      18
      29
      21
      20
      26
      18
      16
      21
      13
      24
      13
      18
      24
      18
      20
      23
      16
      14
      20
      23
      22
      13
      19
      17
      27
      17
      11
      21
      17
      15
      24
      16
      19
      12
      21
      12
      19
      12
      15
      10
      21
      15
      16
       6
      13
      12
      11
      15
      11
      15
      10
      13
      11
      13
      13
      16
      14
      13
      10
       8
      12
      11
      17
      13
      11
       9
      15
      21
      14
       9
      14
      13
      15
       8
      10
      13
       8
      14
       9
      13
      12
      10
      15
      10
       9
      15
      10
      11
      11
       7
      11
       5
      13
      14
      12
      10
      11
       9
      12
      12
       8
      14
      11
      11
       8
       6
      10
      10
       4
       8
       7
      11
      15
       7
      11
       1
       7
      15
      10
      11
      11
       6
      11
       8
       4
      10
       4
       6
       6
       3
       9
      10
       5
       9
       7
       7
       6
       4
       3
       6
       6
       3
       5
       4
       1
       7
       3
       7
       8
       6
       8
       7
       4
       5
       4
       4
       6
       3
      10
       2
       6
       3
       1
       5
       7
       5
       4
       6
       6
       1
       4
       8
       3
       5
       4
       2
       6
       4
       3
      11
       4
       4
       4
       2
       4
       3
       5
       3
       1
       5
       0
       5
       1
       6
       6
       0
       9
       6
       4
       4
       4
       5
       4
       3
       5
       2
       7
       3
       3
       1
       5
       3
       5
       4
       4
       2
       2
       2
       1
       7
       4
       3
       3
       3
       2
       6
       1
       4
       2
       3
       3
       3
       1
       4
       2
       1
       0
       6
       3
       1
       8
       3
       1
       0
       2
       2
       1
       3
       4
       2
       1
       2
       3
       2
       0
       4
       4
       1
       2
       3
       2
       3
       3
       0
       3
       3
       4
       3
       4
       1
       0
       5
       3
       1
       3
       3
       1
       4
       1
       3
       4
       2
       2
       1
       1
       3
       0
       3
       2
       1
       1
       1
       1
       0
       1
       1
       0
       3
       0
       0
       1
       1
       2
       0
       1
       0
       2
       3
       0
       0
       2
       1
       0
       2
       5
       1
       0
       2
       2
       3
       3
       1
       1
       0
       2
       1
       2
       2
       0
       2
       2
       2
       2
       1
       1
       0
       1
       1
       0
       1
       5
       1
       0
       2
       1
       1
       1
       1
       1
       0
       0
       2
       2
       0
       1
       0
       1
       1
       2
       1
       2
       2
       0
       1
       0
       0
       0
       0
       2
       2
       1
       0
       1
       0
       0
       0
       0
       0
       3
       0
       0
       2
       2
       0
       2
       0
       0
       1
       0
       1
       1
       0
       3
       0
       0
       0
       0
       0
       3
       3
       0
       1
       1
       0
       2
       0
       2
       1
       1
       0
       0
       2
       1
       0
       1
       0
       0
       1
       1
       1
       0
       1
       0
       1
       0
       2
       0
       1
       0
       1
       0
       0
       1
       2
       0
       0
       2
       0
       0
       1
       0
       0
       1
       0
       0
       0
       0
       1
       0
       0
       2
       0
       0
       0
       1
       0
       0
       1
       1
       1
       1
       0
       1
       0
       1
       0
       1
       0
       0
       0
       1
       0
       1
       0
       0
       0
       2
       1
       0
       1
       0
       2
       0
       2
       2
       1
       2
       2
       0
       0
       0
       0
       0
       0
       0
       1
       1
       1
       0
       1
       0
       0
       0
       0
       1
       2
       0
       0
       0
       0
       0
       1
       0
       1
       2
       0
       0
       1
       1
       0
       2
       0
       0
       0
       1
       1
       0
       0
       0
       0
       0
       0
       1
       0
       0
       1
       0
       2
       0
       1
       0
       0
       0
       1
       0
       0
       0
       2
       0
       1
       0
       0
       0
       1
       0
       0
       0
       0
       0
       0
       0
       0
       0
       1
       0
       0
       0
       0
       0
       1
       0
       0
       0
       0
       0
       0
       0
       1
       1
       0
       3
       1
       0
       0
       0
       0
       0
       0
       0
       0
       2
       0
       0
       0
       0
       0
       1
       0
       0
       0
       0
       0
       0
       0
       1
       2
       0
       0
       0
       0
       0
       0
       0
       0
       0
       0
       0
       1
       0
       1
       0
       1
       1
       1
       0
       0
       1
       1
       1
       0
       1
       2
       0
       0
       0
       1
       0
       0
       0
       0
       0
       0
       0
       0
       0
       0
       0
       0
       1
       0
       0
       0
       2
       0
       0
       2
       0
       0
       0
       0
       0
       0
       0
       1
       0
       0
       0
       1
       0
       0
       1
       0
       0
       2
       0
       0
       0
       0
       0
       0
       0
       0
       0
       0
       0
       0
       1
       1
       0
       1
       0
       0
       0
       0
       0
       0
       0
       0
       0
       0
       0
       1
       1
       0
       0
       0
       0
       2
       0
       0
       0
       0
       0
       2
       0
       0
       0
       0
       1
       0
       0
       0
       0
       0
       0
       0
       0
       0
       0
       0
       0
       0
       0
       1
       0
       0
       2
       0
       1
       0
       0
       0
       0
       0
       1
       0
       1
       0
       0
       1
       0
       0
       0
       0
       0
       0
       0
       0
       0
       0
       1
       1
       0
       2
       0
       0
       0
       1
       0
       0
       0
       0
       0
       1
       0
       1
       0
       0
       1
       0
       0
       0
       0
       0
       0
       0
       0
       0
       0
       0
       0
       0
       1
       0
       0
       0
       0
       0
       1
       2
       0
       0
       0
       0
       0
       0
       0
       0
       0
       0
       2
       1
       0
       0
       0
       0
       2
       0
       1
       1
       0
       1
       0
       1
       0
       0
       0
       1
       0
       0
       0
       0
       1
       0
       0
       0
       1
       1
       1
       1
       1
       0
       0
       0
       0
       0
       0
       0
       0
       0
       0
       0
       0
       0
       0
       0
       0
       0
       1
       0
       0
       0
       0
       0
       0
       0
       1
       0
       0
       0
       0
       0
       0
       0
       1
       0
       0
       0
       0
       0
       0
       0
       0
       0
       0
       1
       1
       0
       0
       0
       0
       0
       0
       1
       0
       0
       0
       2
       0
       0
       0
       0
       0
       0
       0
       0
       1
       0
       0
       0
       0
       0
       0
       0
       0
       0
       0
       0
       0
       0
       0
       0
       0
       0
       0
       0
       0
       0
       0
$ROI:
0
$PRESETS:
None
0
0
$ENER_FIT:
1.580193 1.860789
$MCA_CAL:
3
1.580193E+000 1.860789E+000 0.000000E+000 keV
$SHAPE_CAL:
3
9.695462E-001 5.415233E-003 0.000000E+000
