$SPEC_ID:
No sample description was entered.
$SPEC_REM:
DET# 1
DETDESC# MCB 129
AP# Maestro Version 6.08
$DATE_MEA:
02/02/2024 15:39:48
$MEAS_TIM:
425435 425435
$DATA:
0 1023
       0
       0
       0
       0
       0
      29
      30
      33
      25
      32
      37
      22
      30
      22
      31
      29
      35
      29
      35
      19
      24
      31
      24
      25
      27
      26
      34
      28
      23
      21
      21
      34
      19
      26
      25
      26
      16
      19
       7
      32
      11
      21
      31
      24
      20
      28
      25
      23
      26
      23
      17
      17
      12
      21
      19
      15
      10
      19
      26
      28
      27
      20
      17
      16
      20
      20
      12
      11
       6
      21
      21
      19
      16
      18
      23
      14
       9
      10
      16
      15
      15
      15
      14
      21
      19
      13
      16
      14
       9
      10
      11
       9
      12
      11
      13
       8
      22
       8
      12
      17
      16
      11
      14
       8
      14
      11
       6
      13
      11
      12
      14
      13
      11
      16
      13
      10
       7
      11
       9
      16
      12
       8
      14
      10
      11
      13
       9
      11
       4
      10
       7
      11
       8
      11
       5
       8
      11
      12
       4
      11
       3
       7
      11
       7
      10
       6
      10
       5
       9
       8
      11
       5
       8
       6
       5
       8
       5
      11
       9
       7
       4
      10
      11
      10
       7
       9
       9
       7
       6
       5
      10
       5
      10
       6
       6
       8
       5
       7
       5
       5
      10
       5
       5
       5
       6
       5
       0
       8
       9
       5
       7
       6
       4
       8
       8
       5
       8
       7
       5
       6
       5
       6
       7
       0
       4
       6
       5
       7
       4
       8
       0
       5
       7
       7
       6
       7
       2
       6
       4
       2
       6
       2
       4
       4
       2
       6
       7
       2
       4
       5
       4
       5
       2
       0
       3
       3
       0
       3
       3
       1
       5
       2
       4
       8
       4
       5
       5
       3
       2
       3
       4
       4
       3
       5
       2
       2
       0
       0
       1
       6
       5
       2
       5
       5
       1
       2
       5
       1
       3
       1
       2
       3
       3
       3
       6
       3
       2
       0
       2
       1
       2
       2
       3
       1
       4
       0
       2
       0
       3
       6
       0
       5
       4
       3
       1
       4
       4
       2
       2
       4
       2
       5
       3
       0
       1
       3
       3
       3
       4
       2
       1
       1
       2
       1
       3
       4
       2
       2
       1
       1
       3
       1
       3
       2
       2
       2
       3
       1
       4
       2
       1
       0
       4
       3
       1
       6
       3
       0
       0
       1
       1
       1
       2
       1
       2
       0
       1
       1
       1
       0
       1
       4
       1
       1
       0
       1
       2
       1
       0
       2
       1
       3
       2
       2
       0
       0
       5
       2
       1
       3
       3
       1
       3
       1
       1
       2
       2
       1
       0
       0
       2
       0
       2
       1
       0
       1
       0
       1
       0
       0
       1
       0
       2
       0
       0
       1
       1
       1
       0
       0
       0
       1
       2
       0
       0
       2
       0
       0
       1
       3
       0
       0
       2
       1
       1
       3
       1
       1
       0
       1
       0
       1
       0
       0
       2
       1
       2
       1
       0
       0
       0
       1
       1
       0
       1
       5
       1
       0
       2
       0
       0
       1
       1
       0
       0
       0
       2
       2
       0
       1
       0
       1
       0
       0
       1
       2
       2
       0
       1
       0
       0
       0
       0
       0
       2
       0
       0
       1
       0
       0
       0
       0
       0
       2
       0
       0
       1
       1
       0
       1
       0
       0
       1
       0
       1
       0
       0
       2
       0
       0
       0
       0
       0
       2
       2
       0
       1
       1
       0
       2
       0
       2
       0
       1
       0
       0
       2
       0
       0
       1
       0
       0
       1
       0
       0
       0
       1
       0
       0
       0
       1
       0
       1
       0
       0
       0
       0
       0
       1
       0
       0
       1
       0
       0
       1
       0
       0
       0
       0
       0
       0
       0
       1
       0
       0
       2
       0
       0
       0
       1
       0
       0
       1
       0
       0
       1
       0
       1
       0
       1
       0
       1
       0
       0
       0
       1
       0
       0
       0
       0
       0
       1
       0
       0
       0
       0
       2
       0
       2
       0
       1
       2
       1
       0
       0
       0
       0
       0
       0
       0
       0
       1
       0
       0
       0
       0
       0
       0
       0
       1
       1
       0
       0
       0
       0
       0
       0
       0
       1
       1
       0
       0
       0
       1
       0
       1
       0
       0
       0
       1
       0
       0
       0
       0
       0
       0
       0
       1
       0
       0
       0
       0
       1
       0
       0
       0
       0
       0
       1
       0
       0
       0
       1
       0
       0
       0
       0
       0
       1
       0
       0
       0
       0
       0
       0
       0
       0
       0
       1
       0
       0
       0
       0
       0
       0
       0
       0
       0
       0
       0
       0
       0
       1
       0
       0
       2
       1
       0
       0
       0
       0
       0
       0
       0
       0
       1
       0
       0
       0
       0
       0
       0
       0
       0
       0
       0
       0
       0
       0
       1
       1
       0
       0
       0
       0
       0
       0
       0
       0
       0
       0
       0
       0
       0
       1
       0
       0
       1
       1
       0
       0
       0
       0
       0
       0
       1
       0
       0
       0
       0
       1
       0
       0
       0
       0
       0
       0
       0
       0
       0
       0
       0
       0
       0
       0
       0
       0
       1
       0
       0
       1
       0
       0
       0
       0
       0
       0
       0
       1
       0
       0
       0
       0
       0
       0
       1
       0
       0
       0
       0
       0
       0
       0
       0
       0
       0
       0
       0
       0
       0
       0
       0
       1
       0
       1
       0
       0
       0
       0
       0
       0
       0
       0
       0
       0
       0
       0
       1
       0
       0
       0
       0
       1
       0
       0
       0
       0
       0
       2
       0
       0
       0
       0
       1
       0
       0
       0
       0
       0
       0
       0
       0
       0
       0
       0
       0
       0
       0
       1
       0
       0
       2
       0
       1
       0
       0
       0
       0
       0
       1
       0
       1
       0
       0
       1
       0
       0
       0
       0
       0
       0
       0
       0
       0
       0
       1
       1
       0
       2
       0
       0
       0
       1
       0
       0
       0
       0
       0
       0
       0
       0
       0
       0
       1
       0
       0
       0
       0
       0
       0
       0
       0
       0
       0
       0
       0
       0
       0
       0
       0
       0
       0
       0
       0
       1
       0
       0
       0
       0
       0
       0
       0
       0
       0
       0
       1
       0
       0
       0
       0
       0
       2
       0
       1
       1
       0
       0
       0
       0
       0
       0
       0
       1
       0
       0
       0
       0
       1
       0
       0
       0
       1
       1
       0
       0
       1
       0
       0
       0
       0
       0
       0
       0
       0
       0
       0
       0
       0
       0
       0
       0
       0
       0
       0
       0
       0
       0
       0
       0
       0
       0
       1
       0
       0
       0
       0
       0
       0
       0
       1
       0
       0
       0
       0
       0
       0
       0
       0
       0
       0
       0
       1
       0
       0
       0
       0
       0
       0
       1
       0
       0
       0
       1
       0
       0
       0
       0
       0
       0
       0
       0
       0
       0
       0
       0
       0
       0
       0
       0
       0
       0
       0
       0
       0
       0
       0
       0
       0
       0
       0
       0
       0
       0
       0
$ROI:
0
$PRESETS:
None
0
0
$ENER_FIT:
1.580193 1.860789
$MCA_CAL:
3
1.580193E+000 1.860789E+000 0.000000E+000 keV
$SHAPE_CAL:
3
9.695462E-001 5.415233E-003 0.000000E+000
